7.8e+07,,1,1,1,1,1,0,0,0,0,1,1,1,1,1,1,1,1,1,1,0,,26,,860,861,862,863,864,867,870,874,877,878,879,881,883,884,899,900,901,903,904,905,915,923,926,963,987,1010,
5.7e+06,,1,0,1,1,1,1,1,1,1,0,0,1,1,1,0,1,0,0,1,0,,14,,736,737,738,740,748,749,750,759,795,800,801,816,817,818,
1.2e+07,,1,0,1,0,1,1,1,1,1,0,1,1,1,1,0,1,1,1,0,0,,11,,707,708,711,712,713,763,764,774,828,847,851,
1.4e+07,,0,1,1,1,0,0,0,1,0,1,0,0,1,1,1,1,1,1,1,1,,34,,15,16,17,18,19,21,22,23,25,26,27,29,32,33,41,43,48,49,54,57,74,75,77,79,83,93,94,97,104,111,121,129,135,139,
9.4e+06,,1,1,0,1,0,1,1,0,1,0,0,1,1,0,1,1,1,1,1,0,,23,,1011,1012,1013,1014,1016,1017,1018,1020,1022,1025,1048,1049,1052,1054,1058,1060,1068,1069,1075,1113,1130,1133,1159,
8.6e+06,,1,1,0,1,1,0,0,1,0,1,1,1,1,0,1,1,1,0,1,0,,21,,301,302,303,304,305,306,308,309,310,311,313,314,315,316,318,322,324,335,342,344,347,
2.8e+07,,1,0,0,1,0,1,1,1,1,0,1,1,1,0,1,1,1,1,0,1,,25,,1026,1027,1028,1029,1031,1032,1033,1034,1035,1037,1038,1041,1042,1043,1045,1046,1084,1090,1092,1100,1101,1104,1107,1108,1151,
6.0e+06,,1,1,1,1,1,0,0,0,1,1,1,1,1,1,0,1,1,0,1,1,,2,,885,944,
9.0e+06,,1,0,1,1,1,0,0,0,1,1,1,1,1,0,1,1,1,1,1,1,,3,,901,969,971,
7.4e+06,,1,0,1,1,1,1,1,0,0,0,1,0,1,0,1,1,1,1,1,0,,18,,559,563,564,566,567,568,569,571,572,623,624,625,627,628,629,630,637,684,
6.2e+06,,0,1,1,0,0,1,0,1,1,1,0,0,1,0,1,1,1,1,1,1,,15,,21,22,26,33,48,49,50,66,86,111,112,124,139,148,149,
1.0e+07,,1,0,1,1,1,1,0,1,1,0,1,1,1,0,0,1,0,1,1,0,,25,,707,708,709,712,714,715,716,719,720,721,722,724,725,726,732,763,764,765,777,789,827,828,836,847,848,
